I_0: -0.06603968507351196 +- 0.008250006732859033
R: 3.630864866558126 +- 0.044838883243481606
nom_chi_squared: 1.7883118267541356
R_no_offset: 3.93436057679234 +- 8.779706104135519
nom_chi_squared: 7.450909255530488
