Downhill Simplex:
N0: -9.541114831668972
N1: 777.5390561342672
N2: 102.79565963294513
l1: 0.13567908037665172
l2: 0.015056416209410076

Conjugate Gradient:
N0: 16.401350674783146
N1: 696.8631616593344
N2: 99.94583732319981
l1: 0.08831490096840923
l2: 22.775681105457206